{"editables":{"Suitcase":{"type":"group","properties":{"transform":[-1.0000000000000009,-8.603688911431441e-17,-8.715074031899993e-17,0,1.848892746611747e-32,0.7116397999788806,-0.7025445146650987,0,1.2246467991473537e-16,-0.702544514665099,-0.7116397999788808,0,0,7.530225676351588,0,1]}},"Lid":{"type":"mesh","properties":{"transform":[-0.22090751021067234,0.585216432966638,-0.7802061256606017,0,0.6335287095142456,-0.522110104704498,-0.5710012371148357,0,-0.7415128091636289,-0.6204214415631223,-0.25541336827778016,0,0.246725282310582,1.53,14.601854246297883,1]}},"React Three Editable Text":{"type":"mesh","properties":{"transform":[1,-1.2162312555952148e-16,-1.0813243808899676e-16,0,1.2162312555952148e-16,0.11703163586200704,0.9931281871981394,0,-1.0813243808899676e-16,-0.9931281871981394,0.11703163586200704,0,-3.0515538687713516e-16,5.320035190745957,-1.8292174157257863,1]}},"Camera1":{"type":"perspectiveCamera","properties":{"transform":[1,0,0,0,0,0.9024893266307351,-0.4307122186769276,0,0,0.4307122186769276,0.9024893266307351,0,-0.5703944857802101,14.208606591060851,14.998407059573633,1]}},"SpotLight1":{"type":"spotLight","properties":{"transform":[1,0,0,0,0,1,0,0,0,0,1,0,6.20426254014603,2.4923406012642824,12.682341247650957,1]}},"ground":{"type":"mesh","properties":{"transform":[10,0,0,0,0,2.220446049250313e-15,-10,0,0,10,2.220446049250313e-15,0,-0.1954718248471996,0,0.08297889825568738,1]}},"monkey":{"type":"group","properties":{"transform":[1,0,0,0,0,1,0,0,0,0,1,0,0,3,0,1]}},"Box1":{"type":"group","properties":{"transform":[1,0,0,0,0,1,0,0,0,0,1,0,0.5,0.5,0.5,1]}},"Box2":{"type":"group","properties":{"transform":[1,0,0,0,0,1,0,0,0,0,1,0,3,2,1,1]}},"Mesh1":{"type":"mesh","properties":{"transform":[1,0,0,0,0,1,0,0,0,0,1,0,0.1377318469177751,0.7845714553446164,0.031755957823530245,1]}},"Mesh2":{"type":"mesh","properties":{"transform":[1,0,0,0,0,1,0,0,0,0,1,0,0,3,0,1]}}}}
